1.0000000000e-001 
1.1051432984e-001 
1.2213417099e-001 
1.3497576057e-001 
1.4916755723e-001 
1.6485152621e-001 
1.8218455941e-001 
2.0134004490e-001 
2.2250960131e-001 
2.4590499471e-001 
2.7176025693e-001 
3.0033402671e-001 
3.3191213688e-001 
3.6636437303e-001 
4.0123917871e-001 
4.3611362908e-001 
4.7098583702e-001 
5.0586142048e-001 
5.4073625271e-001 
5.7561231573e-001 
6.1048926921e-001 
6.4536141882e-001 
6.8024026771e-001 
7.1511603707e-001 
7.4998383393e-001 
7.8485892274e-001 
8.1973347665e-001 
8.5461614622e-001 
8.8949235810e-001 
9.2436980827e-001 
9.5923518957e-001 
9.9410526491e-001 
1.0289818820e+000 
1.0638714535e+000 
1.0987541716e+000 
1.1336267719e+000 
1.1684811381e+000 
1.2033388550e+000 
1.2382332054e+000 
1.2730952011e+000 
1.3079836776e+000 
1.3428309644e+000 
1.3777385164e+000 
1.4126139258e+000 
1.4474564618e+000 
1.4823170467e+000 
1.5171864258e+000 
1.5520611046e+000 
1.5869319455e+000 
