1.0000000000e+00 
1.0000599837e+00 
1.0001199674e+00 
1.0001799512e+00 
1.0002399349e+00 
1.0002999186e+00 
1.0003599023e+00 
1.0004198860e+00 
1.0004798697e+00 
1.0005398534e+00 
1.0005998371e+00 
1.0006598208e+00 
1.0007198045e+00 
1.0007797882e+00 
1.0008397719e+00 
1.0008997556e+00 
1.0009597393e+00 
1.0010197229e+00 
1.0010797066e+00 
1.0011396903e+00 
1.0011996740e+00 
1.0012596576e+00 
1.0013196413e+00 
1.0013796250e+00 
1.0014396086e+00 
1.0014995923e+00 
1.0015595759e+00 
1.0016195596e+00 
1.0016795432e+00 
1.0017395269e+00 
1.0017995105e+00 
1.0018594941e+00 
1.0019194778e+00 
1.0019794614e+00 
1.0020394450e+00 
1.0020994287e+00 
1.0021594123e+00 
1.0022193959e+00 
1.0022793795e+00 
1.0023393632e+00 
1.0023993468e+00 
1.0024593304e+00 
1.0025193140e+00 
1.0025792976e+00 
1.0026392812e+00 
1.0026992648e+00 
1.0027592484e+00 
1.0028192320e+00 
1.0028792156e+00 
1.0029391992e+00 
1.0029991827e+00 
1.0030591663e+00 
1.0031191499e+00 
1.0031791335e+00 
1.0032391170e+00 
1.0032991006e+00 
1.0033590842e+00 
1.0034190677e+00 
1.0034790513e+00 
1.0035390349e+00 
1.0035990184e+00 
1.0036590020e+00 
1.0037189855e+00 
1.0037789691e+00 
1.0038389526e+00 
1.0038989362e+00 
1.0039589197e+00 
1.0040189032e+00 
1.0040788868e+00 
1.0041388703e+00 
1.0041988538e+00 
1.0042588373e+00 
1.0043188209e+00 
1.0043788044e+00 
1.0044387879e+00 
1.0044987714e+00 
1.0045587549e+00 
1.0046187384e+00 
1.0046787219e+00 
1.0047387054e+00 
1.0047986889e+00 
1.0048586724e+00 
1.0049186559e+00 
1.0049786394e+00 
1.0050386229e+00 
1.0050986064e+00 
1.0051585899e+00 
1.0052185733e+00 
1.0052785568e+00 
1.0053385403e+00 
1.0053985237e+00 
1.0054585072e+00 
1.0055184907e+00 
1.0055784741e+00 
1.0056384576e+00 
1.0056984411e+00 
1.0057584245e+00 
1.0058184080e+00 
1.0058783914e+00 
1.0059383748e+00 
1.0059983583e+00 
