1.0000000000e-001 
1.1050605536e-001 
1.2211588272e-001 
1.3494544496e-001 
1.4912288812e-001 
1.6478982131e-001 
1.8210273117e-001 
2.0123454492e-001 
2.2237635762e-001 
2.4573934087e-001 
2.7155685207e-001 
3.0008676529e-001 
3.3161404698e-001 
3.6608807262e-001 
4.0107378399e-001 
4.3605949536e-001 
4.7104520673e-001 
5.0603091810e-001 
5.4101662947e-001 
5.7600234084e-001 
6.1098805220e-001 
6.4597376357e-001 
6.8095947494e-001 
7.1594518631e-001 
7.5093089768e-001 
7.8591660905e-001 
8.2090232042e-001 
8.5588803179e-001 
8.9087374316e-001 
9.2585945453e-001 
9.6084516590e-001 
9.9583087726e-001 
1.0308165886e+000 
1.0658023000e+000 
1.1007880114e+000 
1.1357737227e+000 
1.1707594341e+000 
1.2057451455e+000 
1.2407308568e+000 
1.2757165682e+000 
1.3107022796e+000 
1.3456879910e+000 
1.3806737023e+000 
1.4156594137e+000 
1.4506451251e+000 
1.4856308364e+000 
1.5206165478e+000 
1.5556022592e+000 
1.5905879705e+000 
1.6255736819e+000 
1.6605593933e+000 
1.6955451046e+000 
1.7305308160e+000 
1.7655165274e+000 
1.8005022388e+000 
1.8354879501e+000 
1.8704736615e+000 
1.9054593729e+000 
1.9404450842e+000 
1.9754307956e+000 
2.0104165070e+000 
2.0454022183e+000 
2.0803879297e+000 
2.1153736411e+000 
2.1503593524e+000 
2.1853450638e+000 
2.2203307752e+000 
2.2553164866e+000 
2.2903021979e+000 
2.3252879093e+000 
2.3602736207e+000 
2.3952593320e+000 
2.4302450434e+000 
