1.0000000000e-01 
1.1051598679e-01 
1.2213783336e-01 
1.3498183178e-01 
1.4917650338e-01 
1.6486388477e-01 
1.8220094911e-01 
2.0136117685e-01 
2.2253629161e-01 
2.4593817863e-01 
2.7180100501e-01 
3.0038356279e-01 
3.3197185857e-01 
3.6648236760e-01 
4.0146807896e-01 
4.3645379033e-01 
4.7143950170e-01 
5.0642521307e-01 
5.4141092444e-01 
5.7639663581e-01 
6.1138234718e-01 
6.4636805855e-01 
6.8135376992e-01 
7.1633948129e-01 
7.5132519265e-01 
7.8631090402e-01 
8.2129661539e-01 
8.5628232676e-01 
8.9126803813e-01 
9.2625374950e-01 
9.6123946087e-01 
9.9622517224e-01 
1.0312108836e+00 
1.0661965950e+00 
1.1011823063e+00 
1.1361680177e+00 
1.1711537291e+00 
1.2061394405e+00 
1.2411251518e+00 
1.2761108632e+00 
1.3110965746e+00 
1.3460822859e+00 
1.3810679973e+00 
1.4160537087e+00 
1.4510394200e+00 
1.4860251314e+00 
1.5210108428e+00 
1.5559965541e+00 
1.5909822655e+00 
